IESNA:LM-63-1995
[TEST] BE1272
[DATE] 06-17-96
[MANUFAC] BEGA-US
[LUMCAT] 2323P
[LUMINAIRE] SEMI-RECESSED WALL/CEILING LUMINAIRE W/DIE CAST ALUMINUM GUARD
[LAMP] (1) 32W TRIPLE-4P
TILT=NONE
 1  2400  2.4  37  73  1  2 -.22  0  .05
 1  1  26
 0  5  10  15  20  25  30  35  40  45  50  55  60  65  70  75  80  85  90  95  100  105  110  115  120  125  130  135  140  145 
 150  155  160  165  170  175  180 
 0  5  10  15  20  25  30  35  40  45  50  55  60  65  70  75  80  85  90  95  100  105  110  115  120  125  130  135  140  145 
 150  155  160  165  170  175  180  185  190  195  200  205  210  215  220  225  230  235  240  245  250  255  260  265  270  275 
 280  285  290  295  300  305  310  315  320  325  330  335  340  345  350  355  360 
 19 23 26 30 35 40 45 50 56 60 66 71 75 80 84 87 90 93 94 93 90 87 84 80 75 71 66 60 56 50 45 40 35 30 26 23 19
 19 23 26 30 35 40 45 50 55 60 65 70 75 79 83 87 90 92 93 92 90 87 83 79 75 70 65 60 55 50 45 40 35 30 26 23 19
 19 23 26 30 35 40 45 50 55 60 64 69 74 78 82 85 88 90 90 90 88 85 82 78 74 69 64 60 55 50 45 40 35 30 26 23 19
 19 23 26 30 34 39 44 49 54 58 63 68 72 76 80 83 85 87 87 87 85 83 80 76 72 68 63 58 54 49 44 39 34 30 26 23 19
 19 23 26 29 34 38 43 48 53 57 62 66 70 74 77 80 82 83 84 83 82 80 77 74 70 66 62 57 53 48 43 38 34 29 26 23 19
 19 22 26 29 33 38 42 47 51 55 60 63 67 71 74 76 78 79 80 79 78 76 74 71 67 63 60 55 51 47 42 38 33 29 26 22 19
 19 22 25 28 32 36 41 45 49 53 57 61 64 67 70 72 74 75 75 75 74 72 70 67 64 61 57 53 49 45 41 36 32 28 25 22 19
 19 22 25 28 31 35 39 43 47 51 54 58 61 64 66 68 69 70 71 70 69 68 66 64 61 58 54 51 47 43 39 35 31 28 25 22 19
 19 22 25 27 30 34 38 41 45 48 51 54 57 59 62 63 65 65 66 65 65 63 62 59 57 54 51 48 45 41 38 34 30 27 25 22 19
 19 22 24 27 29 32 36 39 42 45 48 51 53 55 57 59 60 60 60 60 60 59 57 55 53 51 48 45 42 39 36 32 29 27 24 22 19
 19 22 24 26 28 31 34 37 40 42 45 47 49 51 53 54 55 55 55 55 55 54 53 51 49 47 45 42 40 37 34 31 28 26 24 22 19
 19 21 23 25 27 29 32 34 37 39 41 43 45 47 48 49 50 50 50 50 50 49 48 47 45 43 41 39 37 34 32 29 27 25 23 21 19
 19 21 23 24 26 28 30 32 34 36 38 39 41 42 43 44 45 45 45 45 45 44 43 42 41 39 38 36 34 32 30 28 26 24 23 21 19
 19 21 22 24 25 26 28 29 31 32 34 35 36 38 38 39 40 40 40 40 40 39 38 38 36 35 34 32 31 29 28 26 25 24 22 21 19
 19 21 22 23 24 25 26 27 28 29 30 31 32 33 34 34 35 35 35 35 35 34 34 33 32 31 30 29 28 27 26 25 24 23 22 21 19
 19 20 21 22 23 24 24 25 26 27 27 28 28 29 29 30 30 30 30 30 30 30 29 29 28 28 27 27 26 25 24 24 23 22 21 20 19
 19 20 21 21 22 22 23 23 24 24 25 25 25 25 26 26 26 26 26 26 26 26 26 25 25 25 25 24 24 23 23 22 22 21 21 20 19
 19 20 20 20 21 21 21 21 22 22 22 22 22 22 23 23 23 23 23 23 23 23 22 22 22 22 22 22 22 21 21 21 21 20 20 20 19
 19 19 19 19 19 19 19 19 19 19 19 19 19 19 19 19 19 19 19 19 19 19 19 19 19 19 19 19 19 19 19 19 19 19 19 19 19
 19 19 19 18 18 18 18 17 17 17 16 16 16 16 16 16 16 16 16 16 16 16 16 16 16 16 16 17 17 17 18 18 18 18 19 19 19
 19 19 18 18 17 16 16 15 15 14 14 13 13 13 13 12 12 12 12 12 12 12 13 13 13 13 14 14 15 15 16 16 17 18 18 19 19
 19 18 17 16 16 15 14 13 12 12 11 11 10 10 10 9 9 9 9 9 9 9 10 10 10 11 11 12 12 13 14 15 16 16 17 18 19
 19 18 17 16 14 13 12 11 11 10 9 8 8 8 7 7 7 7 7 7 7 7 7 8 8 8 9 10 11 11 12 13 14 16 17 18 19
 19 18 16 15 13 12 11 10 9 8 7 6 6 5 5 5 4 4 4 4 4 5 5 5 6 6 7 8 9 10 11 12 13 15 16 18 19
 19 18 16 14 12 11 9 8 7 6 5 5 4 4 3 3 3 2 2 2 3 3 3 4 4 5 5 6 7 8 9 11 12 14 16 18 19
 19 17 15 13 11 10 8 7 6 5 4 3 3 2 2 1 1 1 1 1 1 1 2 2 3 3 4 5 6 7 8 10 11 13 15 17 19
 19 17 15 12 10 9 7 6 5 3 3 2 1 1 1 0 0 0 0 0 0 0 1 1 1 2 3 3 5 6 7 9 10 12 15 17 19
 19 17 14 12 10 8 6 5 3 2 2 1 0 0 0 0 0 0 0 0 0 0 0 0 0 1 2 2 3 5 6 8 10 12 14 17 19
 19 17 14 11 9 7 5 4 3 2 1 0 0 0 0 0 0 0 0 0 0 0 0 0 0 0 1 2 3 4 5 7 9 11 14 17 19
 19 16 13 11 8 6 5 3 2 1 0 0 0 0 0 0 0 0 0 0 0 0 0 0 0 0 0 1 2 3 5 6 8 11 13 16 19
 19 16 13 10 8 6 4 3 1 0 0 0 0 0 0 0 0 0 0 0 0 0 0 0 0 0 0 0 1 3 4 6 8 10 13 16 19
 19 16 13 10 8 5 4 2 1 0 0 0 0 0 0 0 0 0 0 0 0 0 0 0 0 0 0 0 1 2 4 5 8 10 13 16 19
 19 16 13 10 7 5 3 2 1 0 0 0 0 0 0 0 0 0 0 0 0 0 0 0 0 0 0 0 1 2 3 5 7 10 13 16 19
 19 16 12 9 7 5 3 1 0 0 0 0 0 0 0 0 0 0 0 0 0 0 0 0 0 0 0 0 0 1 3 5 7 9 12 16 19
 19 16 12 9 7 4 3 1 0 0 0 0 0 0 0 0 0 0 0 0 0 0 0 0 0 0 0 0 0 1 3 4 7 9 12 16 19
 19 16 12 9 7 4 2 1 0 0 0 0 0 0 0 0 0 0 0 0 0 0 0 0 0 0 0 0 0 1 2 4 7 9 12 16 19
 19 16 12 9 7 4 2 1 0 0 0 0 0 0 0 0 0 0 94 0 0 0 0 0 0 0 0 0 0 1 2 4 7 9 12 16 19
 19 16 12 9 7 4 2 1 0 0 0 0 0 0 0 0 0 0 0 0 0 0 0 0 0 0 0 0 0 1 2 4 7 9 12 16 19
 19 16 12 9 7 4 3 1 0 0 0 0 0 0 0 0 0 0 0 0 0 0 0 0 0 0 0 0 0 1 3 4 7 9 12 16 19
 19 16 12 9 7 5 3 1 0 0 0 0 0 0 0 0 0 0 0 0 0 0 0 0 0 0 0 0 0 1 3 5 7 9 12 16 19
 19 16 13 10 7 5 3 2 1 0 0 0 0 0 0 0 0 0 0 0 0 0 0 0 0 0 0 0 1 2 3 5 7 10 13 16 19
 19 16 13 10 8 5 4 2 1 0 0 0 0 0 0 0 0 0 0 0 0 0 0 0 0 0 0 0 1 2 4 5 8 10 13 16 19
 19 16 13 10 8 6 4 3 1 0 0 0 0 0 0 0 0 0 0 0 0 0 0 0 0 0 0 0 1 3 4 6 8 10 13 16 19
 19 16 13 11 8 6 5 3 2 1 0 0 0 0 0 0 0 0 0 0 0 0 0 0 0 0 0 1 2 3 5 6 8 11 13 16 19
 19 17 14 11 9 7 5 4 3 2 1 0 0 0 0 0 0 0 0 0 0 0 0 0 0 0 1 2 3 4 5 7 9 11 14 17 19
 19 17 14 12 10 8 6 5 3 2 2 1 0 0 0 0 0 0 0 0 0 0 0 0 0 1 2 2 3 5 6 8 10 12 14 17 19
 19 17 15 12 10 9 7 6 5 3 3 2 1 1 1 0 0 0 0 0 0 0 1 1 1 2 3 3 5 6 7 9 10 12 15 17 19
 19 17 15 13 11 10 8 7 6 5 4 3 3 2 2 1 1 1 1 1 1 1 2 2 3 3 4 5 6 7 8 10 11 13 15 17 19
 19 18 16 14 12 11 9 8 7 6 5 5 4 4 3 3 3 2 2 2 3 3 3 4 4 5 5 6 7 8 9 11 12 14 16 18 19
 19 18 16 15 13 12 11 10 9 8 7 6 6 5 5 5 4 4 4 4 4 5 5 5 6 6 7 8 9 10 11 12 13 15 16 18 19
 19 18 17 16 14 13 12 11 11 10 9 8 8 8 7 7 7 7 7 7 7 7 7 8 8 8 9 10 11 11 12 13 14 16 17 18 19
 19 18 17 16 16 15 14 13 12 12 11 11 10 10 10 9 9 9 9 9 9 9 10 10 10 11 11 12 12 13 14 15 16 16 17 18 19
 19 19 18 18 17 16 16 15 15 14 14 13 13 13 13 12 12 12 12 12 12 12 13 13 13 13 14 14 15 15 16 16 17 18 18 19 19
 19 19 19 18 18 18 18 17 17 17 16 16 16 16 16 16 16 16 16 16 16 16 16 16 16 16 16 17 17 17 18 18 18 18 19 19 19
 19 19 19 19 19 19 19 19 19 19 19 19 19 19 19 19 19 19 19 19 19 19 19 19 19 19 19 19 19 19 19 19 19 19 19 19 19
 19 20 20 20 21 21 21 21 22 22 22 22 22 22 23 23 23 23 23 23 23 23 22 22 22 22 22 22 22 21 21 21 21 20 20 20 19
 19 20 21 21 22 22 23 23 24 24 25 25 25 25 26 26 26 26 26 26 26 26 26 25 25 25 25 24 24 23 23 22 22 21 21 20 19
 19 20 21 22 23 24 24 25 26 27 27 28 28 29 29 30 30 30 30 30 30 30 29 29 28 28 27 27 26 25 24 24 23 22 21 20 19
 19 21 22 23 24 25 26 27 28 29 30 31 32 33 34 34 35 35 35 35 35 34 34 33 32 31 30 29 28 27 26 25 24 23 22 21 19
 19 21 22 24 25 26 28 29 31 32 34 35 36 38 38 39 40 40 40 40 40 39 38 38 36 35 34 32 31 29 28 26 25 24 22 21 19
 19 21 23 24 26 28 30 32 34 36 38 39 41 42 43 44 45 45 45 45 45 44 43 42 41 39 38 36 34 32 30 28 26 24 23 21 19
 19 21 23 25 27 29 32 34 37 39 41 43 45 47 48 49 50 50 50 50 50 49 48 47 45 43 41 39 37 34 32 29 27 25 23 21 19
 19 22 24 26 28 31 34 37 40 42 45 47 49 51 53 54 55 55 55 55 55 54 53 51 49 47 45 42 40 37 34 31 28 26 24 22 19
 19 22 24 27 29 32 36 39 42 45 48 51 53 55 57 59 60 60 60 60 60 59 57 55 53 51 48 45 42 39 36 32 29 27 24 22 19
 19 22 25 27 30 34 38 41 45 48 51 54 57 59 62 63 65 65 66 65 65 63 62 59 57 54 51 48 45 41 38 34 30 27 25 22 19
 19 22 25 28 31 35 39 43 47 51 54 58 61 64 66 68 69 70 71 70 69 68 66 64 61 58 54 51 47 43 39 35 31 28 25 22 19
 19 22 25 28 32 36 41 45 49 53 57 61 64 67 70 72 74 75 75 75 74 72 70 67 64 61 57 53 49 45 41 36 32 28 25 22 19
 19 22 26 29 33 38 42 47 51 55 60 63 67 71 74 76 78 79 80 79 78 76 74 71 67 63 60 55 51 47 42 38 33 29 26 22 19
 19 23 26 29 34 38 43 48 53 57 62 66 70 74 77 80 82 83 84 83 82 80 77 74 70 66 62 57 53 48 43 38 34 29 26 23 19
 19 23 26 30 34 39 44 49 54 58 63 68 72 76 80 83 85 87 87 87 85 83 80 76 72 68 63 58 54 49 44 39 34 30 26 23 19
 19 23 26 30 35 40 45 50 55 60 64 69 74 78 82 85 88 90 90 90 88 85 82 78 74 69 64 60 55 50 45 40 35 30 26 23 19
 19 23 26 30 35 40 45 50 55 60 65 70 75 79 83 87 90 92 93 92 90 87 83 79 75 70 65 60 55 50 45 40 35 30 26 23 19
 19 23 26 30 35 40 45 50 56 60 66 71 75 80 84 87 90 93 94 93 90 87 84 80 75 71 66 60 56 50 45 40 35 30 26 23 19
